[[ 4.          1.         -1.          4.        ]
 [ 0.         -1.75        2.75        1.        ]
 [ 0.          0.          6.28571429  6.28571429]
 [ 0.          0.          0.         -8.        ]]
 
[[ 1.          0.          0.          0.        ]
 [ 0.75        1.          0.          0.        ]
 [-0.25       -1.28571429  1.          0.        ]
 [ 1.         -1.71428571  1.54545455  1.        ]]
 
Y [-2.          2.5         3.71428571  4.54545455]
 
x1 : 0.34090909090909094,   x2 : 0.06818181818181808,   x3 : 1.159090909090909,   x4 : -0.5681818181818181   